MIN=0	-10	0	-10
MAX=20	10	100	10
SCALE=20	5	50	5
DEC=1	2	1	2
DEF="Tiempo" t / s	"Tensión" U_B1 / V	"Fotocorriente" I / pA	"Tensión" U_A1 / V
0	-3.405	-0.1	-0.01
0.199	-3.405	-0.1	-0.01
0.399	-3.385	-0.05	-0.005
0.599	-3.365	-0.05	-0.005
0.799	-3.335	-0.1	-0.01
0.999	-3.305	-0.05	-0.005
1.199	-3.245	-0.05	-0.005
1.399	-3.19	0	0
1.599	-3.13	0	0
1.799	-3.075	0	0
1.999	-3.03	-0.05	-0.005
2.199	-2.975	0	0
2.399	-2.915	0	0
2.599	-2.845	0	0
2.799	-2.78	0	0
2.999	-2.71	0.05	0.005
3.199	-2.635	0.05	0.005
3.399	-2.57	0.05	0.005
3.599	-2.5	0.1	0.01
3.799	-2.44	0.1	0.01
3.999	-2.38	0.1	0.01
4.199	-2.32	0.1	0.01
4.399	-2.25	0.15	0.015
4.599	-2.165	0.2	0.02
4.799	-2.07	0.3	0.03
4.999	-1.98	0.4	0.04
5.199	-1.885	0.55	0.055
5.399	-1.79	0.85	0.085
5.599	-1.72	1.75	0.175
5.799	-1.72	2.05	0.205
5.999	-1.72	2	0.2
6.199	-1.72	2	0.2
6.399	-1.695	2.15	0.215
6.599	-1.645	3.4	0.34
6.799	-1.595	4.85	0.485
6.999	-1.555	6.65	0.665
7.199	-1.52	8.55	0.855
7.399	-1.49	10.55	1.055
7.599	-1.46	12.65	1.265
7.799	-1.43	15.2	1.52
7.999	-1.405	17.6	1.76
8.199	-1.37	21	2.1
8.399	-1.335	24.95	2.495
8.599	-1.3	29.25	2.925
8.799	-1.26	35.1	3.51
8.999	-1.215	42.35	4.235
9.199	-1.165	49.5	4.95
9.399	-1.115	58.7	5.87
9.599	-1.08	67.55	6.755
9.799	-1.055	71.75	7.175
9.999	-1.035	74.8	7.48
10.199	-1.015	77.25	7.725
10.399	-1.01	79.15	7.915
10.599	-1	79.4	7.94
10.799	-0.99	80.1	8.01
10.999	-0.955	82.65	8.265
11.199	-0.93	85.3	8.53
11.399	-0.9	87.1	8.71
11.601	-0.87	89.6	8.96
MIN=0	-10	0	-10
MAX=20	10	100	10
SCALE=20	5	50	5
DEC=1	2	1	2
DEF="Tiempo" t / s	"Tensión" U_B1 / V	"Fotocorriente" I / pA	"Tensión" U_A1 / V
0	-3.405	0	0
0.199	-3.405	0	0
0.4	-3.38	0	0
0.599	-3.31	0.05	0.005
0.799	-3.25	0.1	0.01
0.999	-3.175	0.1	0.01
1.199	-3.105	0.1	0.01
1.399	-3.04	0.1	0.01
1.599	-2.96	0.1	0.01
1.799	-2.86	0.15	0.015
1.999	-2.75	0.15	0.015
2.199	-2.64	0.15	0.015
2.399	-2.545	0.15	0.015
2.599	-2.44	0.2	0.02
2.799	-2.345	0.2	0.02
2.999	-2.23	0.2	0.02
3.199	-2.085	0.25	0.025
3.399	-1.935	0.3	0.03
3.599	-1.81	0.35	0.035
3.799	-1.715	0.35	0.035
3.999	-1.62	0.35	0.035
4.199	-1.515	0.45	0.045
4.399	-1.38	0.75	0.075
4.599	-1.255	2.25	0.225
4.799	-1.185	5.3	0.53
4.999	-1.115	8.15	0.815
5.199	-1.045	12.5	1.25
5.4	-0.96	18.6	1.86
5.599	-0.885	28.65	2.865
5.799	-0.83	37.75	3.775
5.999	-0.79	47.6	4.76
6.2	-0.79	51.75	5.175
6.4	-0.79	49.6	4.96
6.6	-0.79	50	5
MIN=0	-10	0	-10
MAX=20	10	100	10
SCALE=20	5	50	5
DEC=1	2	1	2
DEF="Tiempo" t / s	"Tensión" U_B1 / V	"Fotocorriente" I / pA	"Tensión" U_A1 / V
0	-3.435	-0.1	-0.01
0.199	-3.435	-0.1	-0.01
0.399	-3.425	-0.1	-0.01
0.6	-3.39	-0.05	-0.005
0.799	-3.365	-0.1	-0.01
0.999	-3.31	-0.05	-0.005
1.199	-3.255	-0.05	-0.005
1.4	-3.19	0	0
1.6	-3.14	-0.05	-0.005
1.8	-3.085	-0.05	-0.005
2	-3.035	-0.05	-0.005
2.2	-2.985	-0.05	-0.005
2.4	-2.93	-0.05	-0.005
2.6	-2.86	0	0
2.8	-2.8	0	0
3	-2.75	0	0
3.2	-2.7	-0.05	-0.005
3.4	-2.645	0	0
3.6	-2.58	0	0
3.8	-2.5	0	0
4	-2.44	0	0
4.2	-2.375	0	0
4.4	-2.31	0	0
4.6	-2.255	0	0
4.8	-2.185	0	0
5	-2.11	0	0
5.2	-2.04	0	0
5.4	-1.965	0	0
5.6	-1.895	0	0
5.8	-1.82	0	0
6	-1.77	0	0
6.2	-1.74	0	0
6.4	-1.71	0	0
6.6	-1.655	0	0
6.8	-1.615	0	0
7	-1.57	0	0
7.2	-1.525	0.05	0.005
7.4	-1.48	0.05	0.005
7.6	-1.445	0.05	0.005
7.8	-1.41	0.05	0.005
8	-1.375	0.05	0.005
8.2	-1.315	0.15	0.015
8.4	-1.265	0.25	0.025
8.6	-1.21	0.45	0.045
8.8	-1.15	1	0.1
9	-1.095	1.85	0.185
9.2	-1.045	3.1	0.31
9.4	-1	4.35	0.435
9.6	-0.955	5.95	0.595
9.8	-0.92	7.85	0.785
10	-0.875	9.85	0.985
MIN=0	-10	0	-10
MAX=20	10	100	10
SCALE=20	5	50	5
DEC=1	2	1	2
DEF="Tiempo" t / s	"Tensión" U_B1 / V	"Fotocorriente" I / pA	"Tensión" U_A1 / V
0	-3.43	0.1	0.01
0.2	-3.41	0.1	0.01
0.4	-3.375	0.1	0.01
0.6	-3.325	0.1	0.01
0.8	-3.255	0.15	0.015
1	-3.17	0.15	0.015
1.2	-3.105	0.15	0.015
1.4	-3.015	0.15	0.015
1.6	-2.895	0.15	0.015
1.8	-2.79	0.15	0.015
2	-2.72	0.15	0.015
2.199	-2.65	0.15	0.015
2.399	-2.57	0.15	0.015
2.599	-2.48	0.2	0.02
2.799	-2.42	0.15	0.015
2.999	-2.39	0.1	0.01
3.199	-2.335	0.15	0.015
3.399	-2.265	0.15	0.015
3.599	-2.18	0.2	0.02
3.799	-2.095	0.15	0.015
3.999	-2.05	0.15	0.015
4.199	-2.015	0.15	0.015
4.399	-1.945	0.15	0.015
4.599	-1.86	0.2	0.02
4.799	-1.77	0.15	0.015
4.999	-1.7	0.15	0.015
5.199	-1.635	0.15	0.015
5.399	-1.585	0.15	0.015
5.6	-1.525	0.15	0.015
5.799	-1.475	0.15	0.015
5.999	-1.42	0.15	0.015
6.199	-1.365	0.15	0.015
6.399	-1.305	0.15	0.015
6.599	-1.25	0.15	0.015
6.799	-1.19	0.15	0.015
6.999	-1.125	0.15	0.015
7.199	-1.07	0.15	0.015
7.399	-1.025	0.15	0.015
7.599	-0.955	0.2	0.02
7.799	-0.9	0.2	0.02
7.999	-0.845	0.2	0.02
MIN=0	-10	0	-10
MAX=20	10	100	10
SCALE=20	5	50	5
DEC=1	2	1	2
DEF="Tiempo" t / s	"Tensión" U_B1 / V	"Fotocorriente" I / pA	"Tensión" U_A1 / V
0	0	102.3	10.23
0.2	0	102.3	10.23
0.4	0	102.3	10.23
0.6	0	102.3	10.23
0.8	0	102.3	10.23
1	0	102.3	10.23
1.2	0	102.3	10.23
1.4	0	102.3	10.23
1.6	0	102.3	10.23
1.8	0	102.3	10.23
2	0	102.3	10.23
2.2	0	102.3	10.23
2.4	0	102.3	10.23
2.6	0	102.3	10.23
2.8	0	102.3	10.23
3	0	102.3	10.23
3.2	0	102.3	10.23
3.4	0	102.3	10.23
3.6	0	102.3	10.23
3.8	0	102.3	10.23
4	0	102.3	10.23
4.199	0	102.3	10.23
4.399	0	102.3	10.23
4.599	0	102.3	10.23
4.799	0	102.3	10.23
4.999	0	102.3	10.23
5.199	0	102.3	10.23
5.399	0	102.3	10.23
5.6	0	102.3	10.23
5.799	0	102.3	10.23
5.999	0	102.3	10.23
6.199	0	102.3	10.23
6.399	0	102.3	10.23
6.599	0	102.3	10.23
6.799	0	102.3	10.23
6.999	0	102.3	10.23
7.199	0	102.3	10.23
7.399	0	102.3	10.23
7.599	0	102.3	10.23
7.799	0	102.3	10.23
7.999	0	102.3	10.23
MIN=0	-10	0	-10
MAX=20	10	100	10
SCALE=20	5	50	5
DEC=1	2	1	2
DEF="Tiempo" t / s	"Tensión" U_B1 / V	"Fotocorriente" I / pA	"Tensión" U_A1 / V
0	-3.565	0.2	0.02
0.199	-3.565	0.2	0.02
0.399	-3.56	0.2	0.02
0.599	-3.515	0.2	0.02
0.799	-3.455	0.2	0.02
0.999	-3.37	0.2	0.02
1.199	-3.26	0.2	0.02
1.399	-3.13	0.25	0.025
1.599	-2.99	0.25	0.025
1.799	-2.835	0.35	0.035
1.999	-2.715	0.25	0.025
2.199	-2.58	0.3	0.03
2.399	-2.5	0.25	0.025
2.599	-2.385	0.25	0.025
2.799	-2.225	0.3	0.03
2.999	-2.065	0.35	0.035
3.199	-1.975	0.3	0.03
3.399	-1.865	0.3	0.03
3.599	-1.725	0.3	0.03
3.799	-1.61	0.25	0.025
4	-1.475	0.3	0.03
4.199	-1.37	0.3	0.03
4.4	-1.26	0.3	0.03
4.599	-1.18	0.25	0.025
4.799	-1.105	0.3	0.03
5	-1.02	0.3	0.03
5.2	-0.92	0.3	0.03
5.4	-0.835	0.35	0.035
5.6	-0.835	0.35	0.035
MIN=0	-10	0	-10
MAX=20	10	100	10
SCALE=20	5	50	5
DEC=1	2	1	2
DEF="Tiempo" t / s	"Tensión" U_B1 / V	"Fotocorriente" I / pA	"Tensión" U_A1 / V
0	-3.425	0	0
0.199	-3.35	0	0
0.4	-3.245	0.05	0.005
0.599	-3.17	0.05	0.005
0.8	-3.09	0.05	0.005
1	-3.025	0.05	0.005
1.2	-2.975	0.05	0.005
1.4	-2.91	0.05	0.005
1.599	-2.84	0.05	0.005
1.799	-2.77	0.05	0.005
1.999	-2.685	0.05	0.005
2.2	-2.595	0.05	0.005
2.4	-2.51	0.1	0.01
2.6	-2.44	0.05	0.005
2.8	-2.375	0.05	0.005
3	-2.32	0.05	0.005
3.2	-2.265	0.05	0.005
3.4	-2.215	0.05	0.005
3.6	-2.165	0.05	0.005
3.8	-2.115	0.05	0.005
4	-2.055	0.05	0.005
4.199	-1.98	0.05	0.005
4.4	-1.915	0.05	0.005
4.6	-1.85	0.05	0.005
4.8	-1.775	0.05	0.005
5	-1.705	0.05	0.005
5.2	-1.62	0.05	0.005
5.4	-1.535	0.05	0.005
5.6	-1.48	0.05	0.005
5.799	-1.405	0.05	0.005
6	-1.325	0.1	0.01
6.199	-1.255	0.05	0.005
6.399	-1.19	0.05	0.005
6.601	-1.145	0.05	0.005
6.8	-1.11	0.05	0.005
6.999	-1.075	0.05	0.005
7.199	-1.035	0.05	0.005
7.401	-0.97	0.1	0.01
7.6	-0.915	0.1	0.01
7.8	-0.87	0.1	0.01
7.999	-0.825	0.2	0.02
8.2	-0.8	0.35	0.035
8.4	-0.775	0.45	0.045
8.6	-0.735	1.1	0.11
8.8	-0.705	2.15	0.215
9	-0.685	3.95	0.395
9.2	-0.705	4.85	0.485
9.4	-0.7	3.9	0.39
9.6	-0.685	4.1	0.41
9.8	-0.62	7.05	0.705
10	-0.565	18.4	1.84
10.2	-0.56	24.95	2.495
10.4	-0.545	32	3.2
10.6	-0.535	34.65	3.465
10.8	-0.5	37.35	3.735
11.001	-0.455	59.5	5.95
11.2	-0.415	81.35	8.135
11.4	-0.41	89.05	8.905
11.6	-0.4	90.5	9.05
11.8	-0.41	90.95	9.095
12.001	-0.41	89.85	8.985
12.2	-0.41	89.75	8.975
12.4	-0.41	89.4	8.94
12.6	-0.41	89.25	8.925
12.8	-0.415	89	8.9
13	-0.415	88.05	8.805
13.2	-0.415	87.7	8.77
13.4	-0.415	88.25	8.825
MIN=0	-10	0	-10
MAX=20	10	100	10
SCALE=20	5	50	5
DEC=1	2	1	2
DEF="Tiempo" t / s	"Tensión" U_B1 / V	"Fotocorriente" I / pA	"Tensión" U_A1 / V
0	-3.33	0.1	0.01
0.2	-3.255	0.1	0.01
0.4	-3.19	0.1	0.01
0.6	-3.135	0.1	0.01
0.8	-3.05	0.15	0.015
1	-2.97	0.1	0.01
1.2	-2.88	0.15	0.015
1.4	-2.8	0.1	0.01
1.6	-2.73	0.1	0.01
1.8	-2.635	0.1	0.01
2	-2.575	0.1	0.01
2.2	-2.53	0.1	0.01
2.4	-2.475	0.1	0.01
2.6	-2.425	0.1	0.01
2.8	-2.355	0.15	0.015
3	-2.285	0.1	0.01
3.2	-2.22	0.15	0.015
3.4	-2.15	0.15	0.015
3.6	-2.09	0.15	0.015
3.799	-2.015	0.15	0.015
3.999	-1.915	0.15	0.015
4.199	-1.835	0.15	0.015
4.4	-1.725	0.15	0.015
4.599	-1.62	0.2	0.02
4.799	-1.54	0.15	0.015
4.999	-1.465	0.15	0.015
5.2	-1.385	0.15	0.015
5.399	-1.295	0.15	0.015
5.599	-1.21	0.15	0.015
5.799	-1.15	0.15	0.015
5.999	-1.09	0.15	0.015
6.199	-1.04	0.1	0.01
6.399	-0.995	0.1	0.01
6.599	-0.945	0.15	0.015
6.799	-0.91	0.15	0.015
6.999	-0.865	0.1	0.01
7.199	-0.83	0.1	0.01
7.399	-0.805	0.1	0.01
7.599	-0.77	0.15	0.015
7.799	-0.755	0.15	0.015
7.999	-0.74	0.15	0.015
8.199	-0.675	0.3	0.03
8.399	-0.66	0.55	0.055
8.599	-0.62	1	0.1
8.799	-0.58	2.65	0.265
8.999	-0.56	3.4	0.34
9.199	-0.54	5.55	0.555
9.4	-0.535	5.7	0.57
9.599	-0.485	9.7	0.97
9.799	-0.45	17.15	1.715
9.999	-0.44	21.1	2.11
10.199	-0.415	25	2.5
10.399	-0.365	39.7	3.97
10.6	-0.34	53.35	5.335
10.8	-0.29	72.05	7.205
11	-0.285	75.5	7.55
